2

1 24 24

1 -2 0
1 0 0
1 2 0
1 4 0
1 6 0
1 8 0
1 10 0
1 12 0
1 14 0
1 16 0
1 18 0
1 20 0
1 22 0
1 24 0
1 26 0
1 28 0
1 30 0
1 32 0
1 34 0
1 36 0
1 38 0
1 40 0
1 42 0
1 44 0
1 46 0
1 48 0
1 50 0
1 52 0
1 54 0
1 56 0
1 58 0
1 60 0

1 -2 26
1 0 26
1 2 26
1 4 26
1 6 26
1 8 26
1 10 26
1 12 26
1 14 26
1 16 26
1 18 26
1 20 26
1 22 26
1 24 26
1 26 26
1 28 26
1 30 26
1 32 26
1 34 26
1 36 26
1 38 26
1 40 26
1 42 26
1 44 26
1 46 26
1 48 26
1 50 26
1 52 26
1 54 26
1 56 26
1 58 26
1 60 26

1 -2 0
1 -2 2
1 -2 4
1 -2 6
1 -2 8
1 -2 10
1 -2 12
1 -2 14
1 -2 16
1 -2 18
1 -2 20
1 -2 22
1 -2 24
1 -2 26

1 60 0
1 60 2
1 60 4
1 60 6
1 60 8
1 60 10
1 60 12
1 60 14
1 60 16
1 60 18
1 60 20
1 60 22
1 60 24
1 60 26